2
3
5
7
11
13
17
18
20
23
24
25
26
27
28
30
32
33
37
40
41
42
43
44
48
52
54
55
56
57
61
62
64
65
frame 0
2
3
5
7
11
13
18
24
26
27
28
30
32
37
40
42
43
44
52
54
56
62
64
66
frame 1
2
3
5
7
11
13
18
24
26
27
28
30
32
37
40
42
43
44
52
54
56
62
64
66
67
68
69
70
71
72
frame 2
2
3
5
11
13
18
24
26
27
28
30
32
37
40
43
44
52
54
56
62
64
67
68
71
72
73
74
75
76
77
78
frame 3
2
3
5
11
13
18
24
26
27
28
30
43
44
52
64
68
71
73
74
75
77
79
80
81
frame 4
2
3
5
11
13
18
24
26
27
28
30
43
44
52
64
68
71
73
74
77
79
80
81
82
83
84
85
86
87
88
89
frame 5
2
3
5
11
13
18
24
27
28
30
43
44
52
64
68
71
73
77
79
80
81
82
83
84
87
88
89
90
91
frame 6
2
3
5
11
13
18
24
27
28
30
43
44
52
64
68
71
73
77
79
80
87
88
92
93
94
frame 7
2
3
5
11
13
18
24
27
28
30
43
44
52
64
68
71
73
77
79
80
87
88
94
95
96
97
98
99
100
101
102
frame 8
2
3
11
13
18
24
27
28
30
43
44
52
64
68
73
77
80
88
94
96
97
99
100
101
103
104
105
frame 9
2
3
11
13
18
24
27
28
30
43
44
52
64
68
73
77
80
88
96
97
99
100
101
103
104
105
106
107
108
109
110
111
112
113
114
frame 10
2
3
11
13
18
24
27
30
43
44
52
73
77
80
88
97
99
100
101
105
106
109
110
112
113
114
115
116
